1.1990621048006418
1.2697248174843108
1.1804522765471464
1.265626616569156
1.2145295835075736
1.2541414206694421
1.2634799894564428
1.127250547737204
1.1653903793353297
1.2009495894216968
1.2603706525217304
1.1234153791214903
1.1503858575265467
1.1866355557688062
1.227899111182816
1.2144083772590675
1.2103645732770263
1.178799226576699
1.1853361991199225
1.2661052577275647
1.1571273977746832
1.3337581692067508
1.171232140187112
1.1938139355188646
1.2868756041906058
1.2851008173668552
1.2503183923571757
1.1458430726634996
1.224172924106485
1.1995068613071251
1.3053624372770622
1.2221666232899544
1.2508992390872298
1.1531315876524997
1.1676759274919966
1.19338378249713
1.2583957607580494
1.2226343000071287
1.2368066995333518
1.2340191688258055
1.2226619017365608
1.2528744207502243
1.1743246924308692
1.2416030977798123
1.249861116299703
1.2664674477028277
1.2506898661049468
1.265754818680316
1.1914584299279907
1.255171682825559
1.2198308819733839
1.3110768822031325
1.143289337429314
1.2608895722238005
1.26141630158732
1.3148664600627975
1.1815814624864807
1.1837956412840451
1.2613070601367329
1.2314238374224844
1.2777998397832278
1.1597209914192477
1.2213238152526702
1.2866624821800958
1.2538008294552494
1.2866983091516466
1.148680342428121
1.286011722782076
1.1819625563861662
1.296119020733834
1.2185069468006633
1.2512913811594977
1.3637191900389791
1.2825374174937818
1.2565031197395786
1.3192531532327725
1.2325468226924485
1.2615144033301724
1.1976346770117616
1.2520378257481497
1.2654675390971417
1.3961753523752232
1.2541512213829078
1.2298758984811187
1.205997894254603
1.3790348866073445
1.3265056612197617
1.1078695016731912
1.3472052463469821
1.2164339727357856
1.266551520194493
1.1003362816372475
1.2733246877636588
1.1895888436707132
1.2200590918207606
1.2458293837760355
1.2131472097551628
1.2259782797359446
1.266607937569853
--Observation--
1.3308586132716451