0.998712181752851       0.999597992379868       0.999999857107765
  0.997370627093194       0.999976816211990        1.00000000000000
  0.999658603934321       0.999999998406104       0.999999999999999
  0.999724088901638       0.999377610631745        1.00000000000000
  0.999999999997118        1.00000000000000       0.999777863974915
  0.999999999999998       0.999999999999999       0.998259946620017
  0.999999999999999       0.999731861183729       0.999624670462090
  0.999999992845390        1.00000000000000       0.997322592536752
  0.999726249275754       0.996830927079332       0.999999999999991
  0.999593018373840       0.997864570802531       0.999999999618564
  0.997777291755397       0.999999931537403       0.999999995397083
  0.999999990351900        1.00000000000000       0.999858411375432
  0.999896934711037       0.999999991663626       0.999999999997850
  0.999525983496386       0.999878569878830       0.999818049142348
  0.999676892241824        1.00000000000000       0.997554080716781
  0.999999999999999       0.995195752897688       0.999999999998825
  0.999400457352829       0.999530906095397       0.998829406369477
  0.999973335998783       0.999999999899140       0.999059118599235
   1.00000000000000       0.999716250931086       0.999999954457541
  0.999852879456307       0.999962362976760        1.00000000000000
   1.00000000000000       0.999794977765617       0.999720766232301
   1.00000000000000       0.999792096855972        1.00000000000000
  0.999820360389090        1.00000000000000       0.999159535088601
   1.00000000000000       0.999999883499093       0.999627149558494
  0.999999998711789       0.999999999999576       0.999871542978512
  0.998123035478169       0.997858247699340        1.00000000000000
  0.998978922864856
