1.1455858315249632
1.2510373610315029
1.108143378477871
1.2308597834944026
1.1538015749902222
1.2071479915710017
1.2250858585283602
1.0619527574437588
1.1007225451081688
1.1473736237535996
1.2197606164154369
1.0544059533763621
1.0876026230422848
1.1253692895121332
1.1799650231249337
1.1508892539233762
1.1502740195569383
1.107773612249144
1.1253107234550486
1.2349206461546696
1.0962626687476968
1.2867335856672517
1.1056493182848506
1.1426740633513905
1.265500543315771
1.256673312999348
1.191379365349529
1.0794272742647733
1.1732674910493126
1.1460324439704201
1.2665002053988859
1.1673719171557675
1.193426682277018
1.0891357991135195
1.1055902917169602
1.1411782610522663
1.2169153566343263
1.1679258057108521
1.185080249998743
1.1820305157854005
1.1711877064713376
1.199512945196423
1.1070830594016972
1.1854277902341956
1.1896582253296775
1.2428234427054348
1.193380287342776
1.2325881105657186
1.1275175488816824
1.2143953528184182
1.1576840703602236
1.266615627540469
1.0641823402165291
1.2199927032697064
1.2226264346427775
1.2741550404708684
1.1084106755506196
1.1213417964352281
1.2217301917885828
1.1815067331254736
1.254135156891007
1.100260982288746
1.165344347696827
1.2613216214852465
1.2010754653160138
1.2615155436945333
1.0795805592472971
1.260499274782968
1.1130373410504801
1.2657612570218313
1.1575356974989794
1.197502906985065
1.318002598529689
1.254153527449803
1.2144472685269663
1.2845832736074305
1.181919394233538
1.2226650992853256
1.1445231763327866
1.1990421616810996
1.2278882791210803
1.3756887581353145
1.2120817988406658
1.1804722490333925
1.1491684087022875
1.3361597919000536
1.286651831427555
1.032913487264868
1.308624790477707
1.1564559660299052
1.2499203842454092
1.0046369570909097
1.252410349748519
1.1262363074678754
1.1629070110932291
1.1868115979629006
1.150418035623088
1.175878903573879
1.2506549236475446
--Observation--
1.3308586132716451